0.0,0.0,0.0,-0.0,-0.008,6.279,3.0,0.0,0.0,0.0,0.0,1450.0,0.0,0.0,0.0,8.162,28.719,19.512,19.0,0.0
0.0,0.0,0.0,-0.0,-0.008,6.279,3.0,0.0,0.0,0.0,0.0,1450.0,0.0,0.0,0.0,8.211,30.18,23.256,19.0,0.0
0.0,0.0,0.0,-0.0,-0.008,6.279,3.0,0.225,0.327,0.0,0.0,1458.0,0.0,0.0,0.0,8.211,30.18,8.108,19.0,0.225
0.0,0.0,0.0,-0.0,-0.008,6.279,3.0,0.28,0.504,0.0,0.0,1462.0,0.0,0.0,0.0,8.187,29.206,21.429,19.0,0.28
0.0,0.0,0.0,-0.0,-0.008,6.279,3.0,0.28,0.644,0.0,0.0,1465.0,0.0,0.0,0.0,8.162,29.206,15.385,19.0,0.28
0.0,0.0,0.0,-0.0,-0.008,6.279,3.0,0.388,0.935,0.0,0.0,1473.0,0.0,0.0,0.0,8.138,30.18,19.512,19.0,0.388
0.0,0.0,0.0,-0.0,-0.008,6.279,3.0,0.388,1.129,0.0,0.0,1478.0,0.0,0.0,0.0,8.138,30.18,20.93,19.0,0.388
0.0,0.0,0.0,-0.0,-0.008,6.279,3.0,0.388,1.304,0.0,0.0,1482.0,0.0,0.0,0.0,8.138,29.693,17.5,19.0,0.388
0.0,0.0,0.0,-0.0,-0.008,6.279,3.0,0.442,1.574,0.0,0.0,1489.0,0.0,0.0,0.0,8.138,29.693,19.512,19.0,0.442
0.0,0.0,0.0,0.0,-0.008,6.279,3.0,0.605,1.984,0.001,2.93,1499.0,0.326,0.0,0.0,8.162,29.693,13.514,19.0,0.605
0.056,-0.0,0.0,0.0,-0.011,6.279,3.0,0.768,2.271,0.064,128.912,1506.0,14.324,0.563,0.0,8.113,29.206,20.0,19.0,0.768
0.075,-0.0,0.0,0.001,-0.009,6.278,3.0,0.768,2.427,0.235,469.002,1510.0,52.111,0.188,0.0,8.113,29.693,13.158,19.0,0.768
0.056,-0.0,0.0,0.002,-0.013,6.278,3.0,0.768,2.745,0.189,378.664,1518.0,42.074,-0.189,0.0,8.089,30.667,19.048,19.0,0.768
0.106,-0.001,0.0,0.003,-0.012,6.276,3.0,0.768,2.812,0.156,312.381,1519.0,34.709,0.5,0.0,7.991,28.232,17.949,19.0,0.768
0.151,-0.001,0.0,0.007,-0.02,6.275,3.0,0.768,2.876,0.3,598.876,1521.0,66.542,0.448,0.0,7.967,28.719,12.821,19.0,0.768
0.234,-0.002,0.0,0.006,-0.018,6.272,3.0,0.768,2.47,0.77,1539.835,1511.0,171.093,0.83,0.0,8.138,29.693,19.512,19.0,0.768
0.296,-0.003,0.0,0.005,-0.015,6.269,3.0,0.768,2.603,0.685,1368.203,1514.0,152.023,0.619,0.0,8.162,29.693,13.158,19.0,0.768
0.357,-0.004,0.0,0.007,-0.013,6.265,3.0,0.768,2.705,0.527,1053.658,1517.0,117.073,0.608,0.0,8.04,29.693,13.158,19.0,0.768
0.432,-0.005,0.0,0.008,-0.015,6.263,3.0,0.768,2.456,0.752,1502.058,1510.0,166.895,0.753,0.0,8.162,29.206,17.073,19.0,0.768
0.488,-0.007,0.0,0.01,-0.014,6.259,3.0,0.768,2.17,1.032,2062.504,1503.0,229.167,0.563,0.0,8.089,29.693,10.811,19.0,0.768
0.565,-0.009,0.0,0.005,-0.013,6.255,3.0,0.768,2.404,0.758,1515.747,1509.0,168.416,0.766,0.0,8.162,29.206,17.5,19.0,0.768
0.64,-0.011,0.0,0.009,-0.015,6.251,3.0,0.768,2.418,0.751,1500.031,1509.0,166.67,0.751,0.0,8.089,29.206,17.949,19.0,0.768
0.729,-0.014,0.0,0.015,-0.016,6.25,3.0,0.768,2.271,0.821,1640.625,1506.0,182.292,0.891,0.0,8.113,28.719,12.821,19.0,0.768
0.805,-0.017,0.0,0.012,-0.015,6.247,3.0,0.768,2.3,0.754,1506.134,1507.0,167.348,0.763,0.0,8.162,29.693,15.385,19.0,0.768
0.88,-0.02,0.0,0.014,-0.014,6.245,3.0,0.768,2.311,0.751,1500.024,1507.0,166.669,0.751,0.0,8.016,30.18,13.158,19.0,0.768
0.952,-0.019,0.0,0.025,-0.014,0.009,3.0,0.768,2.286,0.737,1472.168,1506.0,163.574,0.723,0.0,8.016,29.206,15.385,19.0,0.768
1.025,-0.012,0.0,0.028,-0.014,0.103,3.0,0.768,2.292,0.739,1476.454,1506.0,164.05,0.727,0.0,8.089,29.206,15.385,19.0,0.768
1.122,0.003,0.0,0.015,-0.015,0.154,3.0,0.768,2.415,0.621,1242.095,1509.0,138.011,0.985,0.0,8.089,29.693,17.073,19.0,0.768
1.197,0.016,0.0,0.012,-0.022,0.163,3.0,0.768,2.271,0.755,1508.285,1506.0,167.587,0.759,0.0,8.187,29.206,10.811,19.0,0.768
1.234,0.022,0.0,-0.003,-0.037,0.169,3.0,0.768,2.596,0.471,940.446,1514.0,104.494,0.381,0.0,8.162,29.206,17.5,19.0,0.768
1.306,0.034,0.0,0.03,-0.033,0.172,3.0,0.768,2.736,0.369,737.188,1517.0,81.91,0.725,0.0,8.138,29.206,13.158,19.0,0.768
1.343,0.041,0.0,0.011,-0.015,0.168,3.0,0.768,2.645,0.47,940.38,1515.0,104.487,0.381,0.0,8.138,29.206,15.385,19.0,0.768
1.416,0.053,0.0,0.009,-0.017,0.163,3.0,0.876,2.177,1.118,2234.258,1503.0,248.251,0.735,0.0,8.113,29.206,15.0,19.0,0.876
1.491,0.064,0.0,-0.004,-0.003,0.155,3.0,0.931,2.603,0.757,1513.153,1514.0,168.128,0.764,0.0,8.089,30.18,8.333,19.0,0.931
1.541,0.072,0.0,0.029,-0.002,0.158,3.0,0.931,2.429,1.003,2003.932,1510.0,222.659,0.504,0.0,8.065,30.667,13.158,19.0,0.931
1.672,0.092,0.0,0.012,-0.013,0.151,3.0,0.931,2.519,0.893,1785.187,1512.0,198.354,1.321,0.0,8.113,28.719,15.385,19.0,0.931
1.75,0.104,0.0,0.01,-0.012,0.143,3.0,1.039,2.774,0.771,1541.573,1518.0,171.286,0.792,0.0,8.333,29.206,13.158,19.0,1.039
1.826,0.114,0.0,0.012,-0.009,0.138,3.0,1.256,3.186,0.768,1535.237,1529.0,170.582,0.768,0.0,8.04,29.206,21.429,19.0,1.256
1.885,0.122,0.0,0.011,-0.009,0.132,3.0,1.256,3.034,1.046,2090.366,1525.0,232.263,0.591,0.0,8.138,28.232,15.0,19.0,1.256
1.976,0.133,0.0,0.01,-0.017,0.125,3.0,1.419,3.179,1.208,2415.215,1528.0,268.357,0.916,0.0,8.113,29.693,17.5,19.0,1.419
2.099,0.148,0.0,0.012,-0.018,0.119,3.0,1.582,3.349,1.374,2745.762,1533.0,305.085,1.247,0.0,8.065,29.206,17.5,19.0,1.582
2.237,0.164,0.0,0.007,-0.021,0.115,3.0,1.853,3.746,1.445,2888.175,1542.0,320.908,1.389,0.0,8.065,29.693,15.0,19.0,1.853
2.39,0.181,0.0,0.016,-0.021,0.112,3.0,1.853,3.882,1.517,3032.008,1546.0,336.89,1.533,0.0,8.162,29.693,17.5,19.0,1.853
2.54,0.198,0.0,0.008,-0.018,0.109,3.0,1.853,4.012,1.507,3011.844,1549.0,334.649,1.513,0.0,8.089,29.206,15.0,19.0,1.853
2.689,0.214,0.0,0.008,-0.021,0.109,3.0,1.853,3.814,1.876,3750.011,1544.0,416.668,1.501,0.0,8.065,29.206,15.385,19.0,1.853
2.86,0.232,0.0,0.01,-0.027,0.108,3.0,1.853,4.12,1.607,3212.402,1552.0,356.934,1.714,0.0,8.138,28.719,10.811,19.0,1.853
3.048,0.252,0.0,0.007,-0.021,0.106,3.0,1.853,4.045,1.696,3390.063,1550.0,376.674,1.891,0.0,8.138,29.206,15.0,19.0,1.853
3.347,0.284,0.0,0.01,-0.016,0.105,3.0,1.853,3.08,2.63,5257.383,1526.0,584.154,3.009,0.0,8.089,29.693,17.5,19.0,1.853
3.541,0.304,0.0,0.014,-0.019,0.104,3.0,1.853,3.87,1.728,3454.13,1545.0,383.792,1.955,0.0,8.162,29.206,19.512,19.0,1.853
3.705,0.321,0.0,0.01,-0.02,0.104,3.0,1.853,4.033,1.572,3141.512,1550.0,349.057,1.643,0.0,8.089,28.719,19.512,19.0,1.853
3.862,0.338,0.0,0.011,-0.016,0.105,3.0,1.853,4.078,1.539,3076.448,1551.0,341.828,1.577,0.0,8.065,29.693,13.158,19.0,1.853
4.034,0.356,0.0,0.008,-0.02,0.103,3.0,1.853,3.611,1.989,3975.735,1539.0,441.748,1.727,0.0,8.113,29.206,15.0,19.0,1.853
4.23,0.375,0.0,0.007,-0.014,0.101,3.0,1.853,3.689,1.972,3941.312,1541.0,437.923,1.972,0.0,8.138,29.693,21.429,19.0,1.853
4.385,0.391,0.0,0.011,-0.01,0.102,3.0,1.853,4.113,1.529,3056.583,1552.0,339.62,1.558,0.0,8.04,28.719,19.512,19.0,1.853
4.556,0.409,0.0,0.004,-0.013,0.101,3.0,1.853,4.017,1.614,3225.696,1549.0,358.411,1.727,0.0,8.138,30.18,24.444,19.0,1.853
4.79,0.432,0.0,0.006,-0.015,0.101,3.0,1.853,3.635,1.924,3844.631,1540.0,427.181,2.346,0.0,8.162,29.206,21.429,19.0,1.853
4.945,0.448,0.0,0.008,-0.017,0.102,3.0,1.853,3.989,1.528,3054.384,1548.0,339.376,1.555,0.0,8.138,30.18,19.512,19.0,1.853
5.097,0.464,0.0,0.003,-0.018,0.102,3.0,1.853,3.706,1.889,3776.473,1541.0,419.608,1.527,0.0,8.04,30.18,10.811,19.0,1.853
5.294,0.484,0.0,0.005,-0.013,0.101,3.0,1.853,3.826,1.743,3484.156,1544.0,387.129,1.985,0.0,8.113,29.206,19.048,19.0,1.853
5.467,0.501,0.0,0.009,-0.015,0.102,3.0,1.853,4.02,1.619,3235.32,1549.0,359.48,1.736,0.0,8.089,29.206,19.512,19.0,1.853
5.703,0.524,0.0,0.003,-0.018,0.095,3.0,1.853,2.572,3.061,6118.106,1513.0,679.79,2.37,0.0,8.089,30.18,18.919,19.0,1.853
5.875,0.538,0.0,0.005,-0.012,0.085,3.0,1.853,3.492,1.988,3972.887,1536.0,441.432,1.724,0.0,8.187,28.719,19.512,19.0,1.853
6.062,0.553,0.0,0.009,-0.013,0.076,3.0,1.853,3.886,1.69,3376.9,1546.0,375.211,1.878,0.0,8.065,28.719,13.158,19.0,1.853
6.273,0.567,0.0,0.003,-0.013,0.067,3.0,1.853,3.684,1.807,3610.847,1541.0,401.205,2.112,0.0,8.138,29.206,17.5,19.0,1.853
6.426,0.576,0.0,0.002,-0.008,0.063,3.0,1.853,3.952,1.521,3039.279,1548.0,337.698,1.54,0.0,7.991,28.719,15.0,19.0,1.853
6.595,0.575,0.0,-0.014,-0.009,6.276,3.0,1.853,2.839,2.722,5440.507,1520.0,604.501,1.692,0.0,8.113,30.667,15.385,19.0,1.853
6.745,0.554,0.0,-0.027,-0.003,6.14,3.0,1.853,3.971,1.512,3022.345,1548.0,335.816,1.512,0.073,7.991,29.693,17.5,19.0,1.853
6.976,0.505,0.0,-0.014,-0.002,6.075,3.0,1.853,2.418,3.055,6105.643,1509.0,678.405,2.357,0.0,8.113,29.693,10.811,19.0,1.853
7.125,0.471,0.0,-0.002,-0.008,6.058,3.0,1.853,3.892,1.516,3029.503,1546.0,336.611,1.531,0.0,8.113,30.18,15.0,19.0,1.853
7.28,0.433,0.0,0.0,-0.011,6.046,3.0,1.853,3.585,1.924,3845.243,1538.0,427.249,1.596,0.0,8.089,29.206,15.385,19.0,1.853
7.494,0.378,0.0,0.001,-0.014,6.032,3.0,1.853,3.545,1.854,3706.427,1537.0,411.825,2.208,0.0,8.138,29.206,13.158,19.0,1.853
7.684,0.327,0.0,0.005,-0.012,6.021,3.0,1.853,3.653,1.737,3471.509,1540.0,385.723,1.973,0.0,8.089,28.719,17.5,19.0,1.853
7.838,0.284,0.0,-0.001,-0.004,6.009,3.0,1.853,3.912,1.595,3188.421,1547.0,354.269,1.595,0.0,8.089,28.719,15.0,19.0,1.853
7.99,0.239,0.0,0.002,-0.006,5.996,3.0,1.853,3.504,1.916,3829.469,1536.0,425.497,1.581,0.0,8.113,28.719,17.949,19.0,1.853
8.178,0.181,0.0,0.003,-0.015,5.983,3.0,1.853,3.773,1.736,3469.56,1543.0,385.507,1.971,0.0,8.113,29.693,15.0,19.0,1.853
8.383,0.114,0.0,0.001,-0.014,5.97,3.0,1.853,3.241,2.205,4408.084,1530.0,489.787,2.159,0.0,8.138,29.206,10.811,19.0,1.853
8.546,0.059,0.0,0.008,-0.012,5.957,3.0,1.853,3.807,1.609,3216.438,1544.0,357.382,1.718,0.0,7.991,29.693,15.385,19.0,1.853
8.694,0.02,0.0,0.032,-0.003,6.025,3.0,1.853,3.934,1.516,3029.719,1547.0,336.635,1.531,0.0,8.016,28.232,15.0,19.0,1.853
8.846,0.006,0.0,0.058,-0.002,6.188,3.0,1.853,4.0,1.513,3023.495,1549.0,335.944,1.524,0.0,7.991,30.18,15.385,19.0,1.853
8.998,0.016,0.0,0.069,-0.01,0.066,3.0,1.853,3.684,1.888,3773.483,1541.0,419.276,1.524,0.0,8.016,29.693,19.512,19.0,1.853
9.215,0.078,0.0,0.079,-0.016,0.279,3.0,1.853,3.403,2.254,4506.042,1534.0,500.671,2.254,0.0,7.918,29.206,17.073,19.0,1.853
9.353,0.146,0.0,0.086,-0.019,0.456,3.0,1.853,4.016,1.519,3035.168,1549.0,337.241,1.536,0.0,8.04,29.693,13.158,19.0,1.853
9.5,0.262,0.0,0.087,-0.004,0.669,3.0,1.853,4.003,1.689,3375.034,1549.0,375.004,1.876,0.0,7.942,30.18,17.5,19.0,1.853
9.608,0.389,0.0,0.101,-0.007,0.867,3.0,1.853,4.025,1.584,3165.527,1549.0,351.725,1.667,0.0,7.918,29.206,17.949,19.0,1.853
9.684,0.52,0.0,0.102,-0.006,1.04,3.0,1.853,4.135,1.508,3014.971,1552.0,334.997,1.516,0.0,7.967,29.206,17.073,19.0,1.853
9.737,0.68,0.0,0.102,-0.019,1.251,3.0,1.853,3.412,2.345,4687.559,1534.0,520.84,1.689,0.0,7.942,29.206,15.385,19.0,1.853
9.757,0.808,0.0,0.095,-0.018,1.419,3.0,0.0,0.0,0.0,2795.288,1450.0,310.588,1.296,0.0,8.04,28.719,13.158,19.0,0.0
9.755,0.907,0.0,0.094,-0.002,1.593,3.0,0.0,0.0,0.0,2481.045,1450.0,275.672,0.982,0.0,8.187,29.693,17.5,19.0,0.0
9.742,1.04,0.0,0.058,0.002,1.668,3.0,0.0,0.0,0.0,2839.77,1450.0,315.53,1.341,0.0,8.162,28.232,10.526,19.0,0.0
9.734,1.109,0.0,0.041,-0.001,1.683,3.0,0.0,0.0,0.0,1444.023,1450.0,160.447,0.694,0.0,8.162,29.693,17.5,19.0,0.0
9.734,1.109,0.0,0.042,-0.003,1.685,3.0,0.0,0.0,0.0,327.906,1450.0,36.434,0.0,0.0,8.187,30.18,15.385,19.0,0.0
9.734,1.109,0.0,0.041,-0.004,1.687,3.0,0.0,0.0,0.0,435.379,1450.0,48.375,0.0,0.0,8.187,29.693,12.821,19.0,0.0
9.734,1.109,0.0,0.04,-0.006,1.688,3.0,0.0,0.0,0.0,238.155,1450.0,26.462,0.0,0.0,8.138,29.206,10.811,19.0,0.0
9.734,1.109,0.0,0.04,-0.008,1.688,3.0,0.0,0.0,0.0,211.868,1450.0,23.541,0.0,0.0,8.138,29.693,13.158,19.0,0.0
9.734,1.109,0.0,0.039,-0.009,1.689,3.0,0.0,0.0,0.0,0.414,1450.0,0.046,0.0,0.0,8.162,28.719,12.821,19.0,0.0
9.734,1.109,0.0,0.036,-0.012,1.688,3.0,0.0,0.0,0.0,0.001,1450.0,0.0,0.0,0.0,8.162,29.206,19.512,19.0,0.0
9.734,1.109,0.0,0.035,-0.015,1.688,3.0,0.0,0.0,0.0,0.0,1450.0,0.0,0.0,0.0,8.113,29.206,19.512,19.0,0.0
9.734,1.109,0.0,0.035,-0.015,1.688,3.0,0.0,0.0,0.0,0.0,1450.0,0.0,0.0,0.0,8.138,28.719,10.526,19.0,0.0
9.734,1.109,0.0,0.035,-0.013,1.688,3.0,0.0,0.0,0.0,0.0,1450.0,0.0,0.0,0.0,8.138,29.693,13.158,19.0,0.0
9.734,1.109,0.0,0.036,-0.012,1.688,3.0,0.0,0.0,0.0,0.0,1450.0,0.0,0.0,0.0,8.113,29.206,15.385,19.0,0.0
9.734,1.109,0.0,0.037,-0.011,1.688,3.0,0.0,0.0,0.0,0.0,1450.0,0.0,0.0,0.0,8.138,30.667,15.385,19.0,0.0
9.734,1.109,0.0,0.037,-0.01,1.688,3.0,0.0,0.0,0.0,0.0,1450.0,0.0,0.0,0.0,8.162,28.232,12.821,19.0,0.0
9.734,1.109,0.0,0.036,-0.01,1.686,3.0,0.0,0.0,0.0,0.0,1450.0,0.0,0.0,0.0,8.089,29.206,19.512,19.0,0.0
9.734,1.109,0.0,0.031,-0.012,1.677,3.0,0.0,0.0,0.0,0.0,1450.0,0.0,0.0,0.0,8.04,29.206,15.0,19.0,0.0
9.734,1.109,0.0,0.027,-0.013,1.677,3.0,0.0,0.0,0.0,0.0,1450.0,0.0,0.0,0.0,8.016,29.693,15.385,19.0,0.0
9.734,1.109,0.0,0.027,-0.013,1.677,3.0,0.0,0.0,0.0,0.0,1450.0,0.0,0.0,0.0,8.113,29.206,21.429,19.0,0.0
9.734,1.109,0.0,0.027,-0.012,1.677,3.0,0.0,0.0,0.0,0.0,1450.0,0.0,0.0,0.0,8.016,29.693,17.073,19.0,0.0
9.734,1.109,0.0,0.027,-0.012,1.677,3.0,0.0,0.0,0.0,0.0,1450.0,0.0,0.0,0.0,7.991,29.206,29.787,19.0,0.0
9.734,1.109,0.0,0.027,-0.012,1.677,3.0,0.0,0.0,0.0,0.0,1450.0,0.0,0.0,0.0,8.138,28.719,15.385,19.0,0.0
9.734,1.109,0.0,0.027,-0.012,1.677,3.0,0.0,0.0,0.0,0.0,1450.0,0.0,0.0,0.0,7.991,29.206,19.512,19.0,0.0
9.734,1.109,0.0,0.027,-0.011,1.677,3.0,0.0,0.0,0.0,0.0,1450.0,0.0,0.0,0.0,8.089,29.206,14.286,19.0,0.0
9.734,1.109,0.0,0.027,-0.011,1.677,3.0,0.0,0.0,0.0,0.0,1450.0,0.0,0.0,0.0,8.04,28.719,15.0,19.0,0.0
9.734,1.109,0.0,0.027,-0.011,1.677,3.0,0.2,0.29,0.0,0.0,1442.0,0.0,0.0,0.0,8.04,30.18,15.385,19.0,-0.2
9.734,1.109,0.0,0.027,-0.011,1.677,3.0,0.493,0.791,0.0,0.0,1430.0,0.0,0.0,0.0,8.016,28.719,13.158,19.0,-0.493
9.734,1.109,0.0,0.026,-0.011,1.677,3.0,0.558,1.128,0.0,0.0,1421.0,0.0,0.0,0.0,8.065,29.206,12.821,19.0,-0.558
9.734,1.109,0.0,0.026,-0.011,1.677,3.0,0.558,1.407,0.0,0.0,1415.0,0.0,0.0,0.0,8.065,29.693,15.385,19.0,-0.558
9.734,1.109,0.0,0.026,-0.011,1.677,3.0,0.591,1.703,0.0,0.0,1407.0,0.0,0.0,0.0,8.04,29.206,19.512,19.0,-0.591
9.734,1.109,0.0,0.026,-0.011,1.677,3.0,0.656,2.089,0.0,0.0,1398.0,0.0,0.0,0.0,8.016,28.232,17.073,19.0,-0.656
9.734,1.109,0.0,0.026,-0.011,1.677,3.0,0.851,2.691,0.0,0.0,1383.0,0.0,0.0,0.0,8.04,29.693,15.385,19.0,-0.851
9.734,1.109,0.0,0.026,-0.011,1.677,3.0,1.047,3.39,0.0,0.0,1365.0,0.0,0.0,0.0,8.065,29.693,21.429,19.0,-1.047
9.734,1.109,0.0,0.026,-0.011,1.677,3.0,1.047,3.913,0.0,0.0,1352.0,0.0,0.0,0.0,7.967,30.667,17.5,19.0,-1.047
9.735,1.098,0.0,0.025,-0.012,1.68,3.0,1.079,4.108,0.214,427.734,1347.0,47.526,-0.106,0.0,8.065,29.693,20.93,19.0,-1.079
9.736,1.088,0.0,0.024,-0.011,1.683,3.0,1.144,4.499,0.377,753.765,1338.0,83.752,-0.106,0.0,7.991,30.18,15.385,19.0,-1.144
9.741,1.051,0.0,0.023,-0.014,1.691,3.0,1.144,5.0,0.013,26.382,1325.0,2.931,-0.377,0.0,8.089,28.719,19.512,19.0,-1.144
9.745,1.013,0.0,0.022,-0.017,1.696,3.0,1.209,5.0,0.0,0.026,1325.0,0.003,-0.377,0.0,8.089,29.693,20.93,19.0,-1.209
9.745,1.013,0.0,0.023,-0.019,1.695,3.0,1.209,5.0,0.094,187.5,1325.0,20.833,-0.0,0.0,7.967,28.719,19.512,19.0,-1.209
9.752,0.957,0.0,0.022,-0.021,1.696,3.0,1.242,5.0,0.704,1406.982,1325.0,156.331,-0.564,0.0,8.309,29.693,19.512,19.0,-1.242
9.764,0.878,0.0,0.023,-0.011,1.711,3.0,1.242,5.0,0.142,283.998,1325.0,31.555,-0.794,0.0,7.918,28.719,19.512,19.0,-1.242
9.769,0.847,0.0,0.023,-0.014,1.756,3.0,1.242,5.0,0.455,908.758,1325.0,100.973,-0.318,0.0,7.967,28.232,20.93,19.0,-1.242
9.779,0.811,0.0,0.015,-0.014,1.828,3.0,1.242,5.0,0.468,936.345,1325.0,104.038,-0.373,0.0,8.065,29.693,19.512,19.0,-1.242
9.794,0.768,0.0,0.011,-0.016,1.911,3.0,1.307,5.0,0.981,1960.689,1325.0,217.854,-0.461,0.0,7.918,29.693,22.727,19.0,-1.307
9.832,0.688,0.0,0.012,-0.019,2.01,3.0,1.307,5.0,0.813,1624.846,1325.0,180.538,-0.875,0.0,7.967,28.232,23.256,19.0,-1.307
9.881,0.608,0.0,0.001,-0.022,2.117,3.0,1.307,5.0,0.847,1692.016,1325.0,188.002,-0.943,0.0,7.967,29.206,21.429,19.0,-1.307
9.95,0.518,0.0,-0.008,-0.025,2.231,3.0,1.307,5.0,1.319,2637.094,1325.0,293.01,-1.138,0.0,8.065,28.719,19.512,19.0,-1.307
10.033,0.433,0.0,-0.015,-0.021,2.342,3.0,1.307,5.0,0.97,1938.744,1325.0,215.416,-1.19,0.0,7.991,30.18,17.073,19.0,-1.307
10.097,0.38,0.0,-0.019,-0.025,2.452,3.0,1.307,5.0,0.787,1572.026,1325.0,174.67,-0.823,0.0,8.016,29.206,19.512,19.0,-1.307
10.193,0.317,0.0,-0.017,-0.026,2.564,3.0,1.307,5.0,1.327,2651.508,1325.0,294.612,-1.152,0.0,7.991,29.206,21.429,19.0,-1.307
10.3,0.264,0.0,-0.023,-0.022,2.675,3.0,1.307,5.0,0.863,1724.905,1325.0,191.656,-1.201,0.0,7.942,28.719,15.0,19.0,-1.307
10.381,0.234,0.0,-0.019,-0.024,2.784,3.0,1.307,5.0,1.179,2357.153,1325.0,261.906,-0.858,0.0,7.991,29.206,15.385,19.0,-1.307
10.475,0.21,0.0,-0.023,-0.026,2.901,3.0,1.307,5.0,0.861,1721.401,1325.0,191.267,-0.972,0.0,7.991,29.206,15.385,19.0,-1.307
10.554,0.2,0.0,-0.02,-0.021,3.008,3.0,1.307,5.0,1.147,2291.88,1325.0,254.653,-0.792,0.0,7.967,28.719,17.5,19.0,-1.307
10.686,0.197,0.0,-0.021,-0.021,3.119,3.0,1.307,5.0,1.036,2069.906,1325.0,229.99,-1.321,0.0,8.016,28.232,15.0,19.0,-1.307
10.745,0.202,0.0,-0.025,-0.024,3.233,3.0,1.307,5.0,1.05,2098.769,1325.0,233.197,-0.599,0.0,7.991,29.206,15.385,19.0,-1.307
10.898,0.233,0.0,-0.02,-0.021,3.341,3.0,1.307,5.0,1.527,3051.553,1325.0,339.061,-1.553,0.0,7.991,29.206,19.048,19.0,-1.307
11.009,0.269,0.0,-0.029,-0.022,3.456,3.0,1.307,5.0,0.857,1712.453,1325.0,190.273,-1.176,0.0,7.942,30.18,13.158,19.0,-1.307
11.117,0.317,0.0,-0.026,-0.024,3.557,3.0,1.307,5.0,0.963,1925.22,1325.0,213.913,-1.176,0.0,7.967,29.693,12.821,19.0,-1.307
11.169,0.347,0.0,-0.028,-0.019,3.666,3.0,1.307,5.0,1.05,2098.487,1325.0,233.165,-0.599,0.0,7.967,29.206,17.5,19.0,-1.307
11.237,0.399,0.0,-0.034,-0.02,3.789,3.0,1.307,5.0,1.179,2356.638,1325.0,261.849,-0.857,0.0,7.991,29.693,15.385,19.0,-1.307
11.32,0.476,0.0,-0.028,-0.02,3.892,3.0,1.307,5.0,1.317,2631.696,1325.0,292.411,-1.132,0.0,7.918,30.18,20.93,19.0,-1.307
11.377,0.542,0.0,-0.035,-0.015,4.0,3.0,1.307,5.0,1.187,2371.608,1325.0,263.512,-0.872,0.0,7.967,29.206,10.811,19.0,-1.307
11.377,0.542,0.0,-0.033,-0.016,4.113,3.0,0.0,0.0,0.0,1150.754,1450.0,127.862,0.0,0.0,8.065,29.206,19.512,19.0,0.0
11.415,0.61,0.0,-0.028,-0.021,4.201,3.0,0.0,0.0,0.0,1527.932,1450.0,169.77,-0.778,0.0,8.113,29.693,15.0,19.0,0.0
11.431,0.638,0.0,-0.029,-0.019,4.2,3.0,0.0,0.0,0.0,1078.234,1450.0,119.804,-0.328,0.0,8.113,28.719,10.811,19.0,0.0
11.446,0.665,0.0,-0.027,-0.02,4.197,3.0,0.0,0.0,0.0,1051.346,1450.0,116.816,-0.302,0.0,8.113,29.206,13.158,19.0,0.0
11.446,0.665,0.0,-0.024,-0.018,4.199,3.0,0.0,0.0,0.0,244.341,1450.0,27.149,0.0,0.0,8.089,29.693,17.073,19.0,0.0
11.446,0.665,0.0,-0.023,-0.017,4.199,3.0,0.0,0.0,0.0,105.946,1450.0,11.772,0.0,0.0,8.113,28.719,15.385,19.0,0.0
11.446,0.665,0.0,-0.022,-0.017,4.2,3.0,0.0,0.0,0.0,0.414,1450.0,0.046,0.0,0.0,8.138,29.693,15.0,19.0,0.0
11.446,0.665,0.0,-0.021,-0.015,4.2,3.0,0.0,0.0,0.0,0.001,1450.0,0.0,0.0,0.0,8.089,29.693,15.385,19.0,0.0
11.446,0.665,0.0,-0.02,-0.013,4.2,3.0,0.0,0.0,0.0,0.0,1450.0,0.0,0.0,0.0,8.162,29.206,13.158,19.0,0.0
11.446,0.665,0.0,-0.019,-0.013,4.2,3.0,0.0,0.0,0.0,0.0,1450.0,0.0,0.0,0.0,8.162,29.693,13.158,19.0,0.0
11.446,0.665,0.0,-0.019,-0.013,4.2,3.0,0.0,0.0,0.0,0.0,1450.0,0.0,0.0,0.0,8.113,29.693,26.829,19.0,0.0
11.446,0.665,0.0,-0.018,-0.013,4.2,3.0,0.0,0.0,0.0,0.0,1450.0,0.0,0.0,0.0,8.284,29.206,10.811,19.0,0.0
11.446,0.665,0.0,-0.018,-0.013,4.199,3.0,0.0,0.0,0.0,0.0,1450.0,0.0,0.0,0.0,8.065,29.206,17.5,19.0,0.0
11.446,0.665,0.0,-0.02,-0.012,4.189,3.0,0.0,0.0,0.0,0.0,1450.0,0.0,0.0,0.0,8.04,28.719,13.158,19.0,0.0
11.446,0.665,0.0,-0.022,-0.012,4.186,3.0,0.0,0.0,0.0,0.0,1450.0,0.0,0.0,0.0,7.991,29.206,13.158,19.0,0.0
11.446,0.665,0.0,-0.022,-0.012,4.186,3.0,0.0,0.0,0.0,0.0,1450.0,0.0,0.0,0.0,8.04,29.693,17.5,19.0,0.0
11.446,0.665,0.0,-0.022,-0.012,4.186,3.0,0.0,0.0,0.0,0.0,1450.0,0.0,0.0,0.0,7.991,29.693,15.385,19.0,0.0
11.446,0.665,0.0,-0.022,-0.012,4.186,3.0,0.0,0.0,0.0,0.0,1450.0,0.0,0.0,0.0,7.991,29.693,13.158,19.0,0.0
11.446,0.665,0.0,-0.022,-0.012,4.186,3.0,0.876,1.227,0.0,0.0,1480.0,0.0,0.0,0.0,8.04,28.719,12.821,19.0,0.876
11.446,0.665,0.0,-0.022,-0.012,4.186,3.0,0.931,1.741,0.0,0.0,1493.0,0.0,0.0,0.0,8.016,29.206,15.385,19.0,0.931
11.446,0.665,0.0,-0.022,-0.012,4.186,3.0,0.931,2.206,0.0,0.0,1504.0,0.0,0.0,0.0,7.967,28.719,19.512,19.0,0.931
11.399,0.583,0.0,-0.023,-0.014,4.185,3.0,1.039,2.345,0.152,304.687,1508.0,33.854,0.938,0.0,8.089,29.693,15.385,19.0,1.039
11.351,0.503,0.0,-0.023,-0.011,4.179,3.0,1.256,3.102,0.141,281.845,1526.0,31.316,0.938,0.0,8.016,29.206,12.821,19.0,1.256
11.329,0.466,0.0,-0.024,-0.011,4.173,3.0,1.419,3.831,0.12,240.785,1545.0,26.754,0.427,0.0,7.918,29.693,13.158,19.0,1.419
11.313,0.441,0.0,-0.029,-0.021,4.149,3.0,1.527,4.142,0.525,1049.063,1552.0,116.563,0.299,0.0,7.722,29.693,17.073,19.0,1.527
11.258,0.365,0.0,-0.032,-0.032,4.081,3.0,1.527,4.177,0.843,1685.738,1553.0,187.304,0.936,0.0,7.869,29.206,15.385,19.0,1.527
11.152,0.251,0.0,-0.037,-0.029,3.962,3.0,1.527,3.336,1.903,3803.46,1532.0,422.607,1.554,0.0,7.869,29.693,15.385,19.0,1.527
11.072,0.186,0.0,-0.046,-0.025,3.834,3.0,1.527,3.993,1.267,2532.819,1549.0,281.424,1.033,0.0,7.82,29.693,21.429,19.0,1.527
10.951,0.113,0.0,-0.048,-0.026,3.681,3.0,1.527,3.838,1.459,2917.056,1545.0,324.117,1.418,0.0,7.942,29.693,15.385,19.0,1.527
10.809,0.061,0.0,-0.057,-0.02,3.489,3.0,1.527,3.717,1.507,3011.395,1542.0,334.599,1.512,0.0,7.918,29.206,13.158,19.0,1.527
10.661,0.033,0.0,-0.066,-0.022,3.333,3.0,1.527,3.696,1.501,3000.044,1541.0,333.338,1.501,0.0,7.918,29.693,15.0,19.0,1.527
10.512,0.031,0.0,-0.07,-0.02,3.153,3.0,1.527,3.793,1.492,2982.422,1544.0,331.38,1.492,0.0,7.918,29.206,13.158,19.0,1.527
10.364,0.059,0.0,-0.078,-0.021,2.954,3.0,1.527,3.722,1.502,3002.912,1542.0,333.657,1.504,0.0,8.04,30.18,15.385,19.0,1.527
10.219,0.104,0.0,-0.062,-0.019,2.841,3.0,1.527,3.651,1.513,3023.443,1540.0,335.938,1.524,0.0,8.089,29.206,13.158,19.0,1.527
10.024,0.172,0.0,-0.035,-0.02,2.807,3.0,1.527,3.237,1.782,3562.592,1530.0,395.844,2.064,0.0,8.113,29.206,19.048,19.0,1.527
9.882,0.221,0.0,-0.023,-0.016,2.807,3.0,1.527,3.499,1.502,3001.098,1536.0,333.455,1.502,0.0,7.991,28.719,8.333,19.0,1.527
9.743,0.257,0.0,0.01,-0.017,2.887,3.0,1.527,3.619,1.466,2929.688,1539.0,325.521,1.431,0.0,8.016,29.206,15.385,19.0,1.527
9.595,0.285,0.0,0.003,-0.031,2.959,3.0,1.527,3.516,1.513,3023.3,1537.0,335.922,1.513,0.0,8.065,29.206,13.514,19.0,1.527
9.447,0.309,0.0,-0.002,-0.025,2.98,3.0,1.527,3.541,1.499,2995.628,1537.0,332.848,1.497,0.0,8.04,28.719,17.073,19.0,1.527
9.224,0.342,0.0,-0.006,-0.01,2.993,3.0,1.527,2.763,2.251,4499.965,1518.0,499.996,2.251,0.0,8.04,30.667,19.512,19.0,1.527
9.074,0.361,0.0,-0.001,-0.002,3.013,3.0,1.527,3.307,1.505,3008.789,1532.0,334.31,1.51,0.0,8.065,29.206,10.811,19.0,1.527
8.957,0.374,0.0,-0.004,-0.009,3.037,3.0,1.527,3.371,1.343,2683.611,1533.0,298.179,1.184,0.0,8.089,29.693,15.0,19.0,1.527
8.805,0.387,0.0,0.0,-0.008,3.052,3.0,1.527,3.161,1.512,3022.82,1528.0,335.869,1.524,0.0,8.162,30.18,15.385,19.0,1.527
8.658,0.398,0.0,0.0,-0.008,3.067,3.0,1.527,3.244,1.478,2953.169,1530.0,328.13,1.478,0.0,8.065,29.693,10.811,19.0,1.527
8.503,0.408,0.0,-0.003,-0.011,3.081,3.0,1.527,3.101,1.524,3046.692,1526.0,338.521,1.548,0.0,8.089,28.719,19.512,19.0,1.527
8.372,0.414,0.0,0.001,-0.009,3.095,3.0,1.527,3.218,1.407,2812.591,1529.0,312.51,1.313,0.0,8.065,29.693,12.821,19.0,1.527
8.166,0.421,0.0,-0.003,-0.006,3.108,3.0,1.527,2.093,2.533,5061.768,1501.0,562.419,2.063,0.0,8.065,28.719,13.158,19.0,1.527
8.049,0.423,0.0,-0.0,-0.012,3.12,3.0,1.527,3.241,1.332,2662.35,1530.0,295.817,1.163,0.0,8.089,30.18,15.0,19.0,1.527
7.937,0.425,0.0,-0.005,-0.017,3.129,3.0,1.527,3.524,1.124,2246.905,1537.0,249.656,1.124,0.0,8.016,29.693,17.5,19.0,1.527
7.783,0.425,0.0,-0.001,-0.016,3.138,3.0,1.527,3.138,1.523,3043.933,1527.0,338.215,1.545,0.0,8.113,28.232,17.5,19.0,1.527
7.639,0.424,0.0,-0.004,-0.01,3.15,3.0,1.527,3.236,1.469,2935.633,1530.0,326.181,1.437,0.0,8.065,29.693,12.821,19.0,1.527
7.493,0.422,0.0,-0.001,-0.003,3.157,3.0,1.527,3.261,1.46,2917.717,1530.0,324.191,1.46,0.0,8.089,29.693,17.5,19.0,1.527
7.346,0.418,0.0,-0.005,-0.005,3.166,3.0,1.527,3.141,1.483,2964.683,1527.0,329.409,1.466,0.0,8.089,28.719,13.158,19.0,1.527
7.202,0.413,0.0,-0.001,-0.005,3.175,3.0,1.527,3.237,1.475,2947.231,1530.0,327.47,1.448,0.0,8.089,28.719,17.5,19.0,1.527
6.981,0.404,0.0,-0.006,-0.014,3.184,3.0,1.527,2.814,1.853,3702.713,1519.0,411.413,2.204,0.0,8.089,30.18,15.0,19.0,1.527
6.835,0.397,0.0,-0.001,-0.012,3.19,3.0,1.582,3.227,1.484,2966.216,1530.0,329.58,1.467,0.0,8.089,29.206,15.385,19.0,1.582
6.691,0.389,0.0,-0.008,-0.016,3.2,3.0,1.69,3.547,1.473,2944.303,1537.0,327.145,1.445,0.0,8.138,30.18,17.073,19.0,1.69
6.574,0.381,0.0,-0.002,-0.013,3.206,3.0,1.853,3.888,1.337,2671.657,1546.0,296.851,1.172,0.0,8.089,29.693,17.5,19.0,1.853
6.422,0.37,0.0,-0.01,-0.017,3.214,3.0,1.853,3.819,1.512,3022.155,1544.0,335.795,1.523,0.0,8.065,29.206,19.512,19.0,1.853
6.197,0.352,0.0,-0.006,-0.019,3.221,3.0,1.853,3.217,2.252,4500.086,1529.0,500.01,2.252,0.0,8.138,29.206,12.821,19.0,1.853
6.082,0.342,0.0,-0.006,-0.013,3.228,3.0,1.853,4.081,1.329,2657.227,1551.0,295.247,1.158,0.0,8.089,29.693,21.951,19.0,1.853
5.932,0.328,0.0,-0.004,-0.015,3.233,3.0,1.907,4.142,1.502,3001.13,1552.0,333.459,1.502,0.0,8.162,29.206,26.19,19.0,1.907
5.75,0.311,0.0,0.003,-0.012,3.238,3.0,2.016,4.132,1.665,3328.129,1552.0,369.792,1.829,0.0,8.065,29.206,23.256,19.0,2.016
5.597,0.295,0.0,-0.004,-0.015,3.243,3.0,2.016,4.377,1.519,3036.438,1558.0,337.382,1.537,0.0,8.113,29.206,23.256,19.0,2.016
5.429,0.278,0.0,-0.003,-0.018,3.243,3.0,2.016,4.392,1.695,3386.79,1558.0,376.31,1.695,0.0,8.089,29.206,22.727,19.0,2.016
5.235,0.258,0.0,0.001,-0.015,3.246,3.0,2.016,3.916,2.098,4193.138,1547.0,465.904,1.944,0.0,8.065,30.18,17.5,19.0,2.016
4.953,0.228,0.0,-0.004,-0.014,3.248,3.0,2.016,3.203,2.842,5681.196,1529.0,631.244,2.842,0.0,8.089,29.206,23.81,19.0,2.016
4.77,0.208,0.0,-0.005,-0.013,3.249,3.0,2.016,4.165,1.668,3333.362,1553.0,370.374,1.835,0.0,8.089,28.719,17.073,19.0,2.016
4.616,0.191,0.0,-0.0,-0.011,3.251,3.0,2.016,4.056,1.902,3801.595,1550.0,422.399,1.553,0.0,8.089,30.18,17.5,19.0,2.016
4.394,0.167,0.0,-0.006,-0.014,3.251,3.0,2.016,3.625,2.244,4485.553,1539.0,498.395,2.237,0.0,8.04,30.18,17.5,19.0,2.016
4.196,0.145,0.0,-0.007,-0.016,3.252,3.0,2.016,4.128,1.746,3489.229,1552.0,387.692,1.991,0.0,8.138,29.206,15.385,19.0,2.016
3.998,0.123,0.0,-0.006,-0.008,3.251,3.0,2.016,3.964,1.989,3974.567,1548.0,441.619,1.989,0.0,8.065,29.693,17.073,19.0,2.016
3.83,0.104,0.0,-0.003,-0.009,3.254,3.0,2.016,4.243,1.594,3186.474,1555.0,354.053,1.688,0.0,8.065,28.719,15.385,19.0,2.016
3.635,0.082,0.0,-0.007,-0.008,3.253,3.0,2.016,4.15,1.733,3463.255,1552.0,384.806,1.965,0.0,8.089,29.206,15.385,19.0,2.016
3.359,0.052,0.0,-0.004,-0.007,3.252,3.0,2.016,3.62,2.138,4273.294,1539.0,474.81,2.775,0.0,8.187,29.206,12.821,19.0,2.016
3.183,0.032,0.0,0.002,-0.011,3.253,3.0,2.016,3.703,2.014,4024.505,1541.0,447.167,1.776,0.0,8.065,28.719,19.512,19.0,2.016
2.985,0.01,0.0,-0.005,-0.008,3.254,3.0,2.016,4.057,1.745,3487.329,1550.0,387.481,1.989,0.0,8.089,29.206,15.385,19.0,2.016
2.79,-0.012,0.0,-0.004,-0.01,3.254,3.0,2.016,3.938,1.731,3458.935,1547.0,384.326,1.96,0.0,8.162,29.693,17.5,19.0,2.016
2.611,-0.033,0.0,0.0,-0.016,3.256,3.0,2.016,4.015,1.652,3302.654,1549.0,366.962,1.804,0.0,8.089,28.719,12.821,19.0,2.016
2.327,-0.066,0.0,-0.009,-0.014,3.257,3.0,2.016,2.774,2.857,5709.396,1518.0,634.377,2.857,0.0,8.04,28.719,10.811,19.0,2.016
2.131,-0.089,0.0,-0.007,-0.01,3.257,3.0,2.016,3.678,1.741,3479.333,1541.0,386.593,1.981,0.0,8.138,29.206,17.073,19.0,2.016
1.976,-0.106,0.0,-0.004,-0.006,3.255,3.0,2.016,3.964,1.555,3107.402,1548.0,345.267,1.555,0.0,8.089,29.206,10.811,19.0,2.016
1.777,-0.129,0.0,-0.003,-0.015,3.258,3.0,2.016,3.297,2.129,4254.745,1531.0,472.749,2.006,0.0,8.162,28.232,15.0,19.0,2.016
1.615,-0.149,0.0,-0.01,-0.015,3.259,3.0,2.016,3.896,1.567,3131.357,1546.0,347.929,1.632,0.0,8.113,28.719,10.811,19.0,2.016
1.459,-0.167,0.0,-0.011,-0.023,3.261,3.0,2.016,4.032,1.533,3064.709,1549.0,340.523,1.566,0.0,8.04,29.206,17.5,19.0,2.016
1.305,-0.186,0.0,-0.007,-0.011,3.264,3.0,2.016,4.195,1.526,3049.931,1554.0,338.881,1.551,0.0,8.065,29.206,17.949,19.0,2.016
1.115,-0.209,0.0,-0.004,0.013,3.259,3.0,2.016,4.093,1.708,3413.183,1551.0,379.243,1.914,0.0,8.089,29.693,15.385,19.0,2.016
0.91,-0.233,0.0,-0.006,-0.002,3.26,3.0,1.745,2.584,2.912,5819.973,1514.0,646.664,2.071,0.0,8.113,28.719,17.073,19.0,1.745
0.774,-0.25,0.0,-0.009,-0.004,3.265,3.0,0.0,0.0,0.0,2867.988,1450.0,318.665,1.369,0.0,8.113,29.206,13.158,19.0,0.0
0.575,-0.276,0.0,-0.001,0.019,3.271,3.0,0.0,0.0,0.0,3503.39,1450.0,389.266,2.005,0.0,8.138,29.693,15.385,19.0,0.0
0.575,-0.276,0.0,-0.003,0.026,3.277,3.0,0.0,0.0,0.0,3595.71,1450.0,399.523,0.0,0.0,8.162,30.18,12.821,19.0,0.0
0.499,-0.287,0.0,0.001,0.027,3.28,3.0,0.0,0.0,0.0,1531.624,1450.0,170.18,0.766,0.0,8.162,29.693,15.385,19.0,0.0
0.464,-0.292,0.0,-0.004,0.023,3.283,3.0,0.0,0.0,0.0,1854.554,1450.0,206.062,0.355,0.0,8.089,29.206,19.512,19.0,0.0
0.411,-0.299,0.0,-0.004,0.021,3.285,3.0,0.0,0.0,0.0,1286.825,1450.0,142.981,0.537,0.0,8.138,29.206,10.811,19.0,0.0
0.411,-0.299,0.0,-0.005,0.019,3.287,3.0,0.0,0.0,0.0,619.428,1450.0,68.825,0.0,0.0,8.162,29.206,15.0,19.0,0.0
0.411,-0.299,0.0,-0.004,0.018,3.288,3.0,0.0,0.0,0.0,215.077,1450.0,23.897,0.0,0.0,8.089,29.206,17.5,19.0,0.0
0.411,-0.299,0.0,-0.004,0.019,3.289,3.0,0.0,0.0,0.0,0.21,1450.0,0.023,0.0,0.0,8.113,29.693,10.811,19.0,0.0
0.411,-0.299,0.0,-0.004,0.015,3.288,3.0,0.0,0.0,0.0,2.93,1450.0,0.326,0.0,0.0,8.089,30.667,17.073,19.0,0.0
0.411,-0.299,0.0,-0.004,0.013,3.288,3.0,0.0,0.0,0.0,0.006,1450.0,0.001,0.0,0.0,8.113,28.719,17.5,19.0,0.0
0.411,-0.299,0.0,-0.002,0.011,3.288,3.0,0.0,0.0,0.0,0.0,1450.0,0.0,0.0,0.0,8.187,29.693,12.821,19.0,0.0
0.411,-0.299,0.0,-0.002,0.011,3.288,3.0,0.0,0.0,0.0,0.0,1450.0,0.0,0.0,0.0,8.065,29.206,15.385,19.0,0.0
0.411,-0.299,0.0,-0.001,0.012,3.288,3.0,0.0,0.0,0.0,0.0,1450.0,0.0,0.0,0.0,8.138,28.232,10.811,19.0,0.0
0.411,-0.299,0.0,-0.0,0.012,3.288,3.0,0.0,0.0,0.0,0.0,1450.0,0.0,0.0,0.0,8.138,28.232,20.93,19.0,0.0
0.411,-0.299,0.0,-0.0,0.012,3.288,3.0,0.0,0.0,0.0,0.0,1450.0,0.0,0.0,0.0,8.113,29.693,13.158,19.0,0.0
0.411,-0.299,0.0,-0.0,0.012,3.288,3.0,0.0,0.0,0.0,0.0,1450.0,0.0,0.0,0.0,8.138,28.719,17.5,19.0,0.0
0.411,-0.299,0.0,-0.0,0.012,3.288,3.0,0.0,0.0,0.0,0.0,1450.0,0.0,0.0,0.0,8.113,28.232,12.821,19.0,0.0
0.411,-0.299,0.0,-0.0,0.012,3.288,3.0,0.0,0.0,0.0,0.0,1450.0,0.0,0.0,0.0,8.089,29.206,19.512,19.0,0.0
0.411,-0.299,0.0,-0.0,0.012,3.288,3.0,0.0,0.0,0.0,0.0,1450.0,0.0,0.0,0.0,8.113,29.693,13.158,19.0,0.0
0.411,-0.299,0.0,-0.0,0.012,3.288,3.0,0.0,0.0,0.0,0.0,1450.0,0.0,0.0,0.0,8.138,29.693,17.073,19.0,0.0
0.411,-0.299,0.0,-0.0,0.012,3.288,3.0,0.0,0.0,0.0,0.0,1450.0,0.0,0.0,0.0,8.089,28.719,21.429,19.0,0.0
0.411,-0.299,0.0,-0.0,0.012,3.288,3.0,0.0,0.0,0.0,0.0,1450.0,0.0,0.0,0.0,8.113,29.693,20.513,19.0,0.0
0.411,-0.299,0.0,-0.0,0.012,3.288,3.0,0.0,0.0,0.0,0.0,1450.0,0.0,0.0,0.0,8.162,30.18,15.385,19.0,0.0
0.411,-0.299,0.0,-0.0,0.012,3.288,3.0,0.0,0.0,0.0,0.0,1450.0,0.0,0.0,0.0,8.187,29.206,8.108,19.0,0.0
0.411,-0.299,0.0,-0.0,0.012,3.288,3.0,0.0,0.0,0.0,0.0,1450.0,0.0,0.0,0.0,8.113,29.693,17.5,19.0,0.0
0.411,-0.299,0.0,-0.0,0.012,3.288,3.0,0.0,0.0,0.0,0.0,1450.0,0.0,0.0,0.0,8.138,29.206,17.5,19.0,0.0
0.411,-0.299,0.0,-0.0,0.012,3.288,3.0,0.0,0.0,0.0,0.0,1450.0,0.0,0.0,0.0,8.187,29.693,15.385,19.0,0.0
0.411,-0.299,0.0,-0.0,0.012,3.288,3.0,0.0,0.0,0.0,0.0,1450.0,0.0,0.0,0.0,8.089,28.719,15.0,19.0,0.0
0.411,-0.299,0.0,-0.0,0.012,3.288,3.0,0.0,0.0,0.0,0.0,1450.0,0.0,0.0,0.0,8.113,29.693,10.811,19.0,0.0
0.411,-0.299,0.0,-0.0,0.012,3.288,3.0,0.0,0.0,0.0,0.0,1450.0,0.0,0.0,0.0,8.089,29.206,17.5,19.0,0.0
0.411,-0.299,0.0,-0.0,0.012,3.288,3.0,0.0,0.0,0.0,0.0,1450.0,0.0,0.0,0.0,8.138,29.693,12.821,19.0,0.0
0.411,-0.299,0.0,-0.0,0.012,3.288,3.0,0.0,0.0,0.0,0.0,1450.0,0.0,0.0,0.0,8.162,30.18,10.811,19.0,0.0
0.411,-0.299,0.0,-0.0,0.012,3.288,3.0,0.0,0.0,0.0,0.0,1450.0,0.0,0.0,0.0,8.138,30.18,21.429,19.0,0.0
0.411,-0.299,0.0,-0.0,0.012,3.288,3.0,0.0,0.0,0.0,0.0,1450.0,0.0,0.0,0.0,8.138,29.206,15.385,19.0,0.0
0.411,-0.299,0.0,-0.0,0.012,3.288,3.0,0.0,0.0,0.0,0.0,1450.0,0.0,0.0,0.0,8.113,29.693,17.073,19.0,0.0
0.411,-0.299,0.0,-0.0,0.012,3.288,3.0,0.0,0.0,0.0,0.0,1450.0,0.0,0.0,0.0,8.089,28.719,21.429,19.0,0.0
0.411,-0.299,0.0,-0.0,0.012,3.288,3.0,0.0,0.0,0.0,0.0,1450.0,0.0,0.0,0.0,8.138,29.693,23.256,19.0,0.0
0.411,-0.299,0.0,-0.0,0.012,3.288,3.0,0.0,0.0,0.0,0.0,1450.0,0.0,0.0,0.0,8.162,30.667,24.444,19.0,0.0
0.411,-0.299,0.0,-0.0,0.012,3.288,3.0,0.0,0.0,0.0,0.0,1450.0,0.0,0.0,0.0,8.089,29.693,17.5,19.0,0.0
0.411,-0.299,0.0,-0.0,0.012,3.288,3.0,0.0,0.0,0.0,0.0,1450.0,0.0,0.0,0.0,8.113,28.719,19.512,19.0,0.0
0.411,-0.299,0.0,-0.0,0.012,3.288,3.0,0.0,0.0,0.0,0.0,1450.0,0.0,0.0,0.0,8.113,29.693,15.385,19.0,0.0
0.411,-0.299,0.0,-0.0,0.012,3.288,3.0,0.0,0.0,0.0,0.0,1450.0,0.0,0.0,0.0,8.113,29.206,15.0,19.0,0.0
0.411,-0.299,0.0,-0.0,0.012,3.288,3.0,0.0,0.0,0.0,0.0,1450.0,0.0,0.0,0.0,8.113,29.693,13.158,19.0,0.0
0.411,-0.299,0.0,-0.0,0.012,3.288,3.0,0.0,0.0,0.0,0.0,1450.0,0.0,0.0,0.0,8.113,28.719,10.526,19.0,0.0
0.411,-0.299,0.0,-0.0,0.012,3.288,3.0,0.0,0.0,0.0,0.0,1450.0,0.0,0.0,0.0,8.089,29.693,17.5,19.0,0.0
0.411,-0.299,0.0,-0.0,0.012,3.288,3.0,0.0,0.0,0.0,0.0,1450.0,0.0,0.0,0.0,8.162,29.693,13.158,19.0,0.0
0.411,-0.299,0.0,-0.0,0.012,3.288,3.0,0.0,0.0,0.0,0.0,1450.0,0.0,0.0,0.0,8.089,29.693,15.0,19.0,0.0
0.411,-0.299,0.0,0.003,0.01,3.288,3.0,0.0,0.0,0.0,0.0,1450.0,0.0,0.0,0.0,8.138,29.206,10.811,19.0,0.0
0.411,-0.299,0.0,0.004,0.007,3.288,3.0,0.0,0.0,0.0,0.0,1450.0,0.0,0.0,0.0,8.113,28.719,17.073,19.0,0.0
0.411,-0.299,0.0,0.004,0.005,3.288,3.0,0.0,0.0,0.0,0.0,1450.0,0.0,0.0,0.0,8.089,30.18,15.385,19.0,0.0
0.411,-0.299,0.0,0.008,0.002,3.288,3.0,0.0,0.0,0.0,0.0,1450.0,0.0,0.0,0.0,8.113,29.693,13.158,19.0,0.0
0.411,-0.299,0.0,0.006,0.001,3.288,3.0,0.0,0.0,0.0,0.0,1450.0,0.0,0.0,0.0,8.138,29.206,17.073,19.0,0.0
0.411,-0.299,0.0,0.007,0.001,3.287,3.0,0.0,0.0,0.0,0.0,1450.0,0.0,0.0,0.0,8.138,28.719,17.5,19.0,0.0
0.411,-0.299,0.0,0.008,0.002,3.287,3.0,0.0,0.0,0.0,0.0,1450.0,0.0,0.0,0.0,8.162,30.18,15.385,19.0,0.0
0.411,-0.299,0.0,0.008,0.003,3.287,3.0,0.0,0.0,0.0,0.0,1450.0,0.0,0.0,0.0,8.089,29.206,15.0,19.0,0.0
0.411,-0.299,0.0,0.007,0.003,3.287,3.0,0.0,0.0,0.0,0.0,1450.0,0.0,0.0,0.0,8.113,30.18,13.158,19.0,0.0
0.411,-0.299,0.0,0.01,0.002,3.287,3.0,0.0,0.0,0.0,0.0,1450.0,0.0,0.0,0.0,8.113,28.719,10.811,19.0,0.0
0.411,-0.299,0.0,0.012,-0.006,3.286,3.0,0.0,0.0,0.0,0.0,1450.0,0.0,0.0,0.0,8.138,29.206,10.811,19.0,0.0
0.411,-0.299,0.0,0.01,-0.013,3.286,3.0,0.0,0.0,0.0,0.0,1450.0,0.0,0.0,0.0,8.113,29.206,15.0,19.0,0.0
0.411,-0.299,0.0,0.01,-0.009,3.287,3.0,0.0,0.0,0.0,0.0,1450.0,0.0,0.0,0.0,8.138,29.206,10.811,19.0,0.0
0.411,-0.299,0.0,0.01,-0.006,3.287,3.0,0.0,0.0,0.0,0.0,1450.0,0.0,0.0,0.0,8.138,29.206,12.821,19.0,0.0
0.411,-0.299,0.0,0.01,-0.006,3.287,3.0,0.0,0.0,0.0,0.0,1450.0,0.0,0.0,0.0,8.187,28.232,17.5,19.0,0.0
0.411,-0.299,0.0,0.01,-0.006,3.287,3.0,0.0,0.0,0.0,0.0,1450.0,0.0,0.0,0.0,8.138,29.206,15.385,19.0,0.0
0.411,-0.299,0.0,0.01,-0.006,3.287,3.0,0.0,0.0,0.0,0.0,1450.0,0.0,0.0,0.0,8.113,29.206,10.526,19.0,0.0
0.411,-0.299,0.0,0.01,-0.006,3.287,3.0,0.0,0.0,0.0,0.0,1450.0,0.0,0.0,0.0,8.138,29.693,15.385,19.0,0.0
0.411,-0.299,0.0,0.01,-0.006,3.287,3.0,0.0,0.0,0.0,0.0,1450.0,0.0,0.0,0.0,8.089,30.18,15.0,19.0,0.0
0.411,-0.299,0.0,0.01,-0.006,3.287,3.0,0.0,0.0,0.0,0.0,1450.0,0.0,0.0,0.0,8.138,28.719,19.512,19.0,0.0
0.411,-0.299,0.0,0.01,-0.006,3.287,3.0,0.0,0.0,0.0,0.0,1450.0,0.0,0.0,0.0,8.162,28.719,13.158,19.0,0.0
0.411,-0.299,0.0,0.01,-0.006,3.287,3.0,0.0,0.0,0.0,0.0,1450.0,0.0,0.0,0.0,8.089,29.206,17.073,19.0,0.0
0.411,-0.299,0.0,0.01,-0.006,3.287,3.0,0.0,0.0,0.0,0.0,1450.0,0.0,0.0,0.0,8.162,28.232,15.385,19.0,0.0
0.411,-0.299,0.0,0.01,-0.006,3.287,3.0,0.0,0.0,0.0,0.0,1450.0,0.0,0.0,0.0,8.089,30.18,13.158,19.0,0.0
0.411,-0.299,0.0,0.01,-0.006,3.287,3.0,0.0,0.0,0.0,0.0,1450.0,0.0,0.0,0.0,8.211,30.18,20.513,19.0,0.0
0.411,-0.299,0.0,0.01,-0.006,3.287,3.0,0.0,0.0,0.0,0.0,1450.0,0.0,0.0,0.0,8.162,29.206,15.385,19.0,0.0
0.411,-0.299,0.0,0.01,-0.006,3.287,3.0,0.0,0.0,0.0,0.0,1450.0,0.0,0.0,0.0,8.089,29.693,19.048,19.0,0.0
0.411,-0.299,0.0,0.01,-0.006,3.287,3.0,0.0,0.0,0.0,0.0,1450.0,0.0,0.0,0.0,8.138,30.18,15.385,19.0,0.0
0.411,-0.299,0.0,0.01,-0.006,3.287,3.0,0.0,0.0,0.0,0.0,1450.0,0.0,0.0,0.0,8.187,28.719,10.811,19.0,0.0
0.411,-0.299,0.0,0.01,-0.006,3.287,3.0,0.0,0.0,0.0,0.0,1450.0,0.0,0.0,0.0,8.113,30.18,12.821,19.0,0.0
0.411,-0.299,0.0,0.01,-0.006,3.287,3.0,0.0,0.0,0.0,0.0,1450.0,0.0,0.0,0.0,8.089,29.206,13.158,19.0,0.0
0.411,-0.299,0.0,0.01,-0.006,3.287,3.0,0.0,0.0,0.0,0.0,1450.0,0.0,0.0,0.0,8.138,30.18,19.048,19.0,0.0
0.411,-0.299,0.0,0.01,-0.006,3.287,3.0,0.0,0.0,0.0,0.0,1450.0,0.0,0.0,0.0,8.138,29.206,15.385,19.0,0.0
0.411,-0.299,0.0,0.01,-0.006,3.287,3.0,0.0,0.0,0.0,0.0,1450.0,0.0,0.0,0.0,8.187,29.206,10.526,19.0,0.0
0.411,-0.299,0.0,0.01,-0.006,3.287,3.0,0.0,0.0,0.0,0.0,1450.0,0.0,0.0,0.0,8.162,30.18,13.158,19.0,0.0
0.411,-0.299,0.0,0.01,-0.006,3.287,3.0,0.0,0.0,0.0,0.0,1450.0,0.0,0.0,0.0,8.113,30.18,15.385,19.0,0.0
0.411,-0.299,0.0,0.01,-0.006,3.287,3.0,0.0,0.0,0.0,0.0,1450.0,0.0,0.0,0.0,8.089,29.206,15.385,19.0,0.0
0.411,-0.299,0.0,0.01,-0.006,3.287,3.0,0.0,0.0,0.0,0.0,1450.0,0.0,0.0,0.0,8.138,29.206,15.385,19.0,0.0
0.411,-0.299,0.0,0.01,-0.006,3.287,3.0,0.0,0.0,0.0,0.0,1450.0,0.0,0.0,0.0,8.162,29.206,15.0,19.0,0.0
0.411,-0.299,0.0,0.01,-0.006,3.287,3.0,0.0,0.0,0.0,0.0,1450.0,0.0,0.0,0.0,8.138,29.693,13.158,19.0,0.0
0.411,-0.299,0.0,0.01,-0.006,3.287,3.0,0.0,0.0,0.0,0.0,1450.0,0.0,0.0,0.0,8.138,29.693,17.073,19.0,0.0
0.411,-0.299,0.0,0.01,-0.006,3.287,3.0,0.0,0.0,0.0,0.0,1450.0,0.0,0.0,0.0,8.113,28.719,13.158,19.0,0.0
0.411,-0.299,0.0,0.01,-0.006,3.287,3.0,0.0,0.0,0.0,0.0,1450.0,0.0,0.0,0.0,8.089,28.719,15.385,19.0,0.0
0.411,-0.299,0.0,0.01,-0.006,3.287,3.0,0.0,0.0,0.0,0.0,1450.0,0.0,0.0,0.0,8.138,29.206,20.93,19.0,0.0
0.411,-0.299,0.0,0.01,-0.006,3.287,3.0,0.0,0.0,0.0,0.0,1450.0,0.0,0.0,0.0,8.138,29.693,17.5,19.0,0.0
0.411,-0.299,0.0,0.01,-0.006,3.287,3.0,0.0,0.0,0.0,0.0,1450.0,0.0,0.0,0.0,8.138,28.719,15.0,19.0,0.0
0.411,-0.299,0.0,0.01,-0.006,3.287,3.0,0.0,0.0,0.0,0.0,1450.0,0.0,0.0,0.0,8.138,30.18,15.385,19.0,0.0
0.411,-0.299,0.0,0.01,-0.006,3.287,3.0,0.0,0.0,0.0,0.0,1450.0,0.0,0.0,0.0,8.113,28.232,17.073,19.0,0.0
0.411,-0.299,0.0,0.01,-0.006,3.287,3.0,0.0,0.0,0.0,0.0,1450.0,0.0,0.0,0.0,8.089,29.693,19.512,19.0,0.0
0.411,-0.299,0.0,0.01,-0.006,3.287,3.0,0.0,0.0,0.0,0.0,1450.0,0.0,0.0,0.0,8.162,30.18,19.512,19.0,0.0
0.411,-0.299,0.0,0.01,-0.006,3.287,3.0,0.0,0.0,0.0,0.0,1450.0,0.0,0.0,0.0,8.162,28.719,23.256,19.0,0.0
0.411,-0.299,0.0,0.01,-0.006,3.287,3.0,0.0,0.0,0.0,0.0,1450.0,0.0,0.0,0.0,8.138,28.719,15.0,19.0,0.0
0.411,-0.299,0.0,0.01,-0.006,3.287,3.0,0.0,0.0,0.0,0.0,1450.0,0.0,0.0,0.0,8.113,28.719,21.429,19.0,0.0
0.411,-0.299,0.0,0.01,-0.006,3.287,3.0,0.0,0.0,0.0,0.0,1450.0,0.0,0.0,0.0,8.113,29.693,17.073,19.0,0.0
0.411,-0.299,0.0,0.01,-0.006,3.287,3.0,0.0,0.0,0.0,0.0,1450.0,0.0,0.0,0.0,8.113,29.206,19.512,19.0,0.0
0.411,-0.299,0.0,0.01,-0.006,3.287,3.0,0.0,0.0,0.0,0.0,1450.0,0.0,0.0,0.0,8.162,29.693,15.385,19.0,0.0
0.411,-0.299,0.0,0.01,-0.006,3.287,3.0,0.0,0.0,0.0,0.0,1450.0,0.0,0.0,0.0,8.26,29.693,10.811,19.0,0.0
0.411,-0.299,0.0,0.01,-0.006,3.287,3.0,0.0,0.0,0.0,0.0,1450.0,0.0,0.0,0.0,8.162,30.18,17.073,19.0,0.0
0.411,-0.299,0.0,0.01,-0.006,3.287,3.0,0.0,0.0,0.0,0.0,1450.0,0.0,0.0,0.0,8.113,29.206,15.385,19.0,0.0
0.411,-0.299,0.0,0.01,-0.006,3.287,3.0,0.0,0.0,0.0,0.0,1450.0,0.0,0.0,0.0,8.113,29.693,15.385,19.0,0.0
0.411,-0.299,0.0,0.01,-0.006,3.287,3.0,0.0,0.0,0.0,0.0,1450.0,0.0,0.0,0.0,8.162,29.206,17.5,19.0,0.0
0.411,-0.299,0.0,0.01,-0.006,3.287,3.0,0.0,0.0,0.0,0.0,1450.0,0.0,0.0,0.0,8.162,30.18,15.0,19.0,0.0
0.411,-0.299,0.0,0.01,-0.006,3.287,3.0,0.0,0.0,0.0,0.0,1450.0,0.0,0.0,0.0,8.162,28.719,13.158,19.0,0.0
0.411,-0.299,0.0,0.01,-0.006,3.287,3.0,0.0,0.0,0.0,0.0,1450.0,0.0,0.0,0.0,8.089,29.206,15.385,19.0,0.0
0.411,-0.299,0.0,0.01,-0.006,3.287,3.0,0.0,0.0,0.0,0.0,1450.0,0.0,0.0,0.0,8.138,29.693,12.821,19.0,0.0
0.411,-0.299,0.0,0.01,-0.006,3.287,3.0,0.0,0.0,0.0,0.0,1450.0,0.0,0.0,0.0,8.138,29.693,17.5,19.0,0.0
0.411,-0.299,0.0,0.01,-0.006,3.287,3.0,0.0,0.0,0.0,0.0,1450.0,0.0,0.0,0.0,8.113,30.18,12.821,19.0,0.0
0.411,-0.299,0.0,0.01,-0.006,3.287,3.0,0.0,0.0,0.0,0.0,1450.0,0.0,0.0,0.0,8.113,29.206,17.5,19.0,0.0
0.411,-0.299,0.0,0.01,-0.006,3.287,3.0,0.0,0.0,0.0,0.0,1450.0,0.0,0.0,0.0,8.138,28.719,8.333,19.0,0.0
0.411,-0.299,0.0,0.01,-0.006,3.287,3.0,0.0,0.0,0.0,0.0,1450.0,0.0,0.0,0.0,8.138,30.18,17.073,19.0,0.0
0.411,-0.299,0.0,0.01,-0.006,3.287,3.0,0.0,0.0,0.0,0.0,1450.0,0.0,0.0,0.0,8.211,29.693,10.811,19.0,0.0
0.411,-0.299,0.0,0.01,-0.006,3.287,3.0,0.0,0.0,0.0,0.0,1450.0,0.0,0.0,0.0,8.162,29.206,19.512,19.0,0.0
0.411,-0.299,0.0,0.01,-0.006,3.287,3.0,0.0,0.0,0.0,0.0,1450.0,0.0,0.0,0.0,8.089,29.206,17.5,19.0,0.0
0.411,-0.299,0.0,0.01,-0.006,3.287,3.0,0.0,0.0,0.0,0.0,1450.0,0.0,0.0,0.0,8.162,29.206,10.526,19.0,0.0
0.411,-0.299,0.0,0.01,-0.006,3.287,3.0,0.0,0.0,0.0,0.0,1450.0,0.0,0.0,0.0,8.138,29.693,26.19,19.0,0.0
0.411,-0.299,0.0,0.01,-0.006,3.287,3.0,0.0,0.0,0.0,0.0,1450.0,0.0,0.0,0.0,8.162,28.719,15.385,19.0,0.0
0.411,-0.299,0.0,0.01,-0.006,3.287,3.0,0.0,0.0,0.0,0.0,1450.0,0.0,0.0,0.0,8.113,29.206,19.512,19.0,0.0
0.411,-0.299,0.0,0.01,-0.006,3.287,3.0,0.0,0.0,0.0,0.0,1450.0,0.0,0.0,0.0,8.113,30.667,15.385,19.0,0.0
0.411,-0.299,0.0,0.01,-0.006,3.287,3.0,0.0,0.0,0.0,0.0,1450.0,0.0,0.0,0.0,8.162,28.719,12.821,19.0,0.0
0.411,-0.299,0.0,0.01,-0.006,3.287,3.0,0.0,0.0,0.0,0.0,1450.0,0.0,0.0,0.0,8.089,29.206,17.5,19.0,0.0
0.411,-0.299,0.0,0.01,-0.006,3.287,3.0,0.0,0.0,0.0,0.0,1450.0,0.0,0.0,0.0,8.162,29.206,13.158,19.0,0.0
0.411,-0.299,0.0,0.01,-0.006,3.287,3.0,0.0,0.0,0.0,0.0,1450.0,0.0,0.0,0.0,8.113,29.206,19.512,19.0,0.0
0.411,-0.299,0.0,0.01,-0.006,3.287,3.0,0.0,0.0,0.0,0.0,1450.0,0.0,0.0,0.0,8.138,28.719,17.073,19.0,0.0
0.411,-0.299,0.0,0.01,-0.006,3.287,3.0,0.0,0.0,0.0,0.0,1450.0,0.0,0.0,0.0,8.138,29.206,13.158,19.0,0.0
0.411,-0.299,0.0,0.01,-0.006,3.287,3.0,0.0,0.0,0.0,0.0,1450.0,0.0,0.0,0.0,8.113,29.693,19.512,19.0,0.0
0.411,-0.299,0.0,0.01,-0.006,3.287,3.0,0.0,0.0,0.0,0.0,1450.0,0.0,0.0,0.0,8.113,29.693,12.821,19.0,0.0
0.411,-0.299,0.0,0.01,-0.006,3.287,3.0,0.0,0.0,0.0,0.0,1450.0,0.0,0.0,0.0,8.138,29.693,13.158,19.0,0.0
0.411,-0.299,0.0,0.01,-0.006,3.287,3.0,0.0,0.0,0.0,0.0,1450.0,0.0,0.0,0.0,8.113,29.206,17.5,19.0,0.0
0.411,-0.299,0.0,0.01,-0.006,3.287,3.0,0.0,0.0,0.0,0.0,1450.0,0.0,0.0,0.0,8.162,29.206,13.158,19.0,0.0
0.411,-0.299,0.0,0.01,-0.006,3.287,3.0,0.0,0.0,0.0,0.0,1450.0,0.0,0.0,0.0,8.113,29.206,17.073,19.0,0.0
0.411,-0.299,0.0,0.01,-0.006,3.287,3.0,0.0,0.0,0.0,0.0,1450.0,0.0,0.0,0.0,8.211,30.18,15.385,19.0,0.0
0.411,-0.299,0.0,0.01,-0.006,3.287,3.0,0.0,0.0,0.0,0.0,1450.0,0.0,0.0,0.0,8.138,29.693,17.5,19.0,0.0
0.411,-0.299,0.0,0.01,-0.006,3.287,3.0,0.0,0.0,0.0,0.0,1450.0,0.0,0.0,0.0,8.113,29.693,15.0,19.0,0.0
0.411,-0.299,0.0,0.01,-0.006,3.287,3.0,0.0,0.0,0.0,0.0,1450.0,0.0,0.0,0.0,8.187,28.719,15.385,19.0,0.0
0.411,-0.299,0.0,0.01,-0.006,3.287,3.0,0.0,0.0,0.0,0.0,1450.0,0.0,0.0,0.0,8.138,29.206,17.5,19.0,0.0
0.411,-0.299,0.0,0.01,-0.006,3.287,3.0,0.0,0.0,0.0,0.0,1450.0,0.0,0.0,0.0,8.162,29.693,15.385,19.0,0.0
0.411,-0.299,0.0,0.01,-0.006,3.287,3.0,0.0,0.0,0.0,0.0,1450.0,0.0,0.0,0.0,8.138,29.206,24.444,19.0,0.0
0.411,-0.299,0.0,0.01,-0.006,3.287,3.0,0.0,0.0,0.0,0.0,1450.0,0.0,0.0,0.0,8.113,29.206,17.5,19.0,0.0
0.411,-0.299,0.0,0.01,-0.006,3.287,3.0,0.0,0.0,0.0,0.0,1450.0,0.0,0.0,0.0,8.138,29.206,15.385,19.0,0.0
0.411,-0.299,0.0,0.01,-0.006,3.287,3.0,0.0,0.0,0.0,0.0,1450.0,0.0,0.0,0.0,8.089,29.693,15.385,19.0,0.0
0.411,-0.299,0.0,0.01,-0.006,3.287,3.0,0.0,0.0,0.0,0.0,1450.0,0.0,0.0,0.0,8.187,29.206,10.526,19.0,0.0
0.411,-0.299,0.0,0.01,-0.006,3.287,3.0,0.0,0.0,0.0,0.0,1450.0,0.0,0.0,0.0,8.113,29.693,17.5,19.0,0.0
0.411,-0.299,0.0,0.01,-0.006,3.287,3.0,0.0,0.0,0.0,0.0,1450.0,0.0,0.0,0.0,8.138,29.206,17.5,19.0,0.0
0.411,-0.299,0.0,0.01,-0.006,3.287,3.0,0.0,0.0,0.0,0.0,1450.0,0.0,0.0,0.0,8.138,29.206,15.0,19.0,0.0
0.411,-0.299,0.0,0.01,-0.006,3.287,3.0,0.0,0.0,0.0,0.0,1450.0,0.0,0.0,0.0,8.113,29.693,8.333,19.0,0.0
0.411,-0.299,0.0,0.01,-0.006,3.287,3.0,0.0,0.0,0.0,0.0,1450.0,0.0,0.0,0.0,8.162,29.206,13.158,19.0,0.0
0.411,-0.299,0.0,0.01,-0.006,3.287,3.0,0.0,0.0,0.0,0.0,1450.0,0.0,0.0,0.0,8.138,29.206,12.821,19.0,0.0
0.411,-0.299,0.0,0.01,-0.006,3.287,3.0,0.0,0.0,0.0,0.0,1450.0,0.0,0.0,0.0,8.113,29.693,13.158,19.0,0.0
0.411,-0.299,0.0,0.01,-0.006,3.287,3.0,0.0,0.0,0.0,0.0,1450.0,0.0,0.0,0.0,8.089,29.206,15.385,19.0,0.0
0.411,-0.299,0.0,0.01,-0.006,3.287,3.0,0.0,0.0,0.0,0.0,1450.0,0.0,0.0,0.0,8.162,28.232,12.821,19.0,0.0
0.411,-0.299,0.0,0.01,-0.006,3.287,3.0,0.0,0.0,0.0,0.0,1450.0,0.0,0.0,0.0,8.138,29.206,17.5,19.0,0.0
0.411,-0.299,0.0,0.01,-0.006,3.287,3.0,0.0,0.0,0.0,0.0,1450.0,0.0,0.0,0.0,8.089,28.719,15.385,19.0,0.0
0.411,-0.299,0.0,0.01,-0.006,3.287,3.0,0.0,0.0,0.0,0.0,1450.0,0.0,0.0,0.0,8.089,28.719,15.385,19.0,0.0
0.411,-0.299,0.0,0.01,-0.006,3.287,3.0,0.0,0.0,0.0,0.0,1450.0,0.0,0.0,0.0,8.089,29.206,19.048,19.0,0.0
0.411,-0.299,0.0,0.01,-0.006,3.287,3.0,0.0,0.0,0.0,0.0,1450.0,0.0,0.0,0.0,8.162,29.206,13.158,19.0,0.0
0.411,-0.299,0.0,0.01,-0.006,3.287,3.0,0.0,0.0,0.0,0.0,1450.0,0.0,0.0,0.0,8.113,28.719,15.0,19.0,0.0
0.411,-0.299,0.0,0.01,-0.006,3.287,3.0,0.0,0.0,0.0,0.0,1450.0,0.0,0.0,0.0,8.113,29.693,19.512,19.0,0.0
0.411,-0.299,0.0,0.01,-0.006,3.287,3.0,0.0,0.0,0.0,0.0,1450.0,0.0,0.0,0.0,8.162,29.206,15.385,19.0,0.0
0.411,-0.299,0.0,0.01,-0.006,3.287,3.0,0.0,0.0,0.0,0.0,1450.0,0.0,0.0,0.0,8.089,29.206,15.0,19.0,0.0
0.411,-0.299,0.0,0.01,-0.006,3.287,3.0,0.0,0.0,0.0,0.0,1450.0,0.0,0.0,0.0,8.113,29.206,15.385,19.0,0.0
0.411,-0.299,0.0,0.01,-0.006,3.287,3.0,0.0,0.0,0.0,0.0,1450.0,0.0,0.0,0.0,8.113,28.232,17.5,19.0,0.0
0.411,-0.299,0.0,0.01,-0.006,3.287,3.0,0.0,0.0,0.0,0.0,1450.0,0.0,0.0,0.0,8.113,29.206,17.073,19.0,0.0
0.411,-0.299,0.0,0.01,-0.006,3.287,3.0,0.0,0.0,0.0,0.0,1450.0,0.0,0.0,0.0,8.162,28.719,10.811,19.0,0.0
0.411,-0.299,0.0,0.01,-0.006,3.287,3.0,0.0,0.0,0.0,0.0,1450.0,0.0,0.0,0.0,8.113,29.206,15.385,19.0,0.0
0.411,-0.299,0.0,0.01,-0.006,3.287,3.0,0.0,0.0,0.0,0.0,1450.0,0.0,0.0,0.0,8.113,29.206,21.053,19.0,0.0
0.411,-0.299,0.0,0.01,-0.006,3.287,3.0,0.0,0.0,0.0,0.0,1450.0,0.0,0.0,0.0,8.138,30.667,19.048,19.0,0.0
0.411,-0.299,0.0,0.01,-0.006,3.287,3.0,0.0,0.0,0.0,0.0,1450.0,0.0,0.0,0.0,8.138,29.693,13.158,19.0,0.0
0.411,-0.299,0.0,0.01,-0.006,3.287,3.0,0.0,0.0,0.0,0.0,1450.0,0.0,0.0,0.0,8.089,28.719,15.385,19.0,0.0
0.411,-0.299,0.0,0.01,-0.006,3.287,3.0,0.0,0.0,0.0,0.0,1450.0,0.0,0.0,0.0,8.113,29.693,13.158,19.0,0.0
0.411,-0.299,0.0,0.01,-0.006,3.287,3.0,0.0,0.0,0.0,0.0,1450.0,0.0,0.0,0.0,8.138,30.18,19.512,19.0,0.0
0.411,-0.299,0.0,0.01,-0.006,3.287,3.0,0.0,0.0,0.0,0.0,1450.0,0.0,0.0,0.0,8.138,28.719,15.0,19.0,0.0
0.411,-0.299,0.0,0.01,-0.006,3.287,3.0,0.0,0.0,0.0,0.0,1450.0,0.0,0.0,0.0,8.162,29.206,17.5,19.0,0.0
0.411,-0.299,0.0,0.01,-0.006,3.287,3.0,0.0,0.0,0.0,0.0,1450.0,0.0,0.0,0.0,8.113,29.206,17.5,19.0,0.0
0.411,-0.299,0.0,0.01,-0.006,3.287,3.0,0.0,0.0,0.0,0.0,1450.0,0.0,0.0,0.0,8.162,29.693,12.821,19.0,0.0
0.411,-0.299,0.0,0.01,-0.006,3.287,3.0,0.0,0.0,0.0,0.0,1450.0,0.0,0.0,0.0,8.162,29.206,15.385,19.0,0.0
0.411,-0.299,0.0,0.01,-0.006,3.287,3.0,0.0,0.0,0.0,0.0,1450.0,0.0,0.0,0.0,8.113,29.693,8.333,19.0,0.0
0.411,-0.299,0.0,0.01,-0.006,3.287,3.0,0.0,0.0,0.0,0.0,1450.0,0.0,0.0,0.0,8.138,29.206,15.0,19.0,0.0
0.411,-0.299,0.0,0.01,-0.006,3.287,3.0,0.0,0.0,0.0,0.0,1450.0,0.0,0.0,0.0,8.113,29.693,17.5,19.0,0.0
0.411,-0.299,0.0,0.01,-0.006,3.287,3.0,0.0,0.0,0.0,0.0,1450.0,0.0,0.0,0.0,8.138,29.206,10.811,19.0,0.0
0.411,-0.299,0.0,0.01,-0.006,3.287,3.0,0.0,0.0,0.0,0.0,1450.0,0.0,0.0,0.0,8.113,29.693,10.526,19.0,0.0
0.411,-0.299,0.0,0.01,-0.006,3.287,3.0,0.0,0.0,0.0,0.0,1450.0,0.0,0.0,0.0,8.187,30.18,17.5,19.0,0.0
0.411,-0.299,0.0,0.01,-0.006,3.287,3.0,0.0,0.0,0.0,0.0,1450.0,0.0,0.0,0.0,8.113,28.719,10.811,19.0,0.0
0.411,-0.299,0.0,0.01,-0.006,3.287,3.0,0.0,0.0,0.0,0.0,1450.0,0.0,0.0,0.0,8.138,29.206,19.512,19.0,0.0
0.411,-0.299,0.0,0.01,-0.006,3.287,3.0,0.0,0.0,0.0,0.0,1450.0,0.0,0.0,0.0,8.113,29.693,15.385,19.0,0.0
0.411,-0.299,0.0,0.01,-0.006,3.287,3.0,0.0,0.0,0.0,0.0,1450.0,0.0,0.0,0.0,8.113,29.693,12.821,19.0,0.0
0.411,-0.299,0.0,0.01,-0.006,3.287,3.0,0.0,0.0,0.0,0.0,1450.0,0.0,0.0,0.0,8.089,29.206,13.158,19.0,0.0
0.411,-0.299,0.0,0.01,-0.006,3.287,3.0,0.0,0.0,0.0,0.0,1450.0,0.0,0.0,0.0,8.113,29.206,17.5,19.0,0.0
0.411,-0.299,0.0,0.01,-0.006,3.287,3.0,0.0,0.0,0.0,0.0,1450.0,0.0,0.0,0.0,8.089,29.206,15.0,19.0,0.0
0.411,-0.299,0.0,0.01,-0.006,3.287,3.0,0.0,0.0,0.0,0.0,1450.0,0.0,0.0,0.0,8.138,29.206,15.385,19.0,0.0
0.411,-0.299,0.0,0.01,-0.006,3.287,3.0,0.0,0.0,0.0,0.0,1450.0,0.0,0.0,0.0,8.089,29.206,21.429,19.0,0.0
0.411,-0.299,0.0,0.01,-0.006,3.287,3.0,0.0,0.0,0.0,0.0,1450.0,0.0,0.0,0.0,8.138,29.206,15.0,19.0,0.0
0.411,-0.299,0.0,0.01,-0.006,3.287,3.0,0.0,0.0,0.0,0.0,1450.0,0.0,0.0,0.0,8.113,29.693,19.512,19.0,0.0
0.411,-0.299,0.0,0.01,-0.006,3.287,3.0,0.0,0.0,0.0,0.0,1450.0,0.0,0.0,0.0,8.138,29.206,19.512,19.0,0.0
0.411,-0.299,0.0,0.01,-0.006,3.287,3.0,0.0,0.0,0.0,0.0,1450.0,0.0,0.0,0.0,8.162,29.206,15.385,19.0,0.0
0.411,-0.299,0.0,0.01,-0.006,3.287,3.0,0.0,0.0,0.0,0.0,1450.0,0.0,0.0,0.0,8.162,29.693,20.93,19.0,0.0
0.411,-0.299,0.0,0.01,-0.006,3.287,3.0,0.0,0.0,0.0,0.0,1450.0,0.0,0.0,0.0,8.162,29.693,19.512,19.0,0.0
0.411,-0.299,0.0,0.01,-0.006,3.287,3.0,0.0,0.0,0.0,0.0,1450.0,0.0,0.0,0.0,8.113,29.693,21.429,19.0,0.0
0.411,-0.299,0.0,0.01,-0.006,3.287,3.0,0.0,0.0,0.0,0.0,1450.0,0.0,0.0,0.0,8.113,29.206,15.385,19.0,0.0
0.411,-0.299,0.0,0.01,-0.006,3.287,3.0,0.0,0.0,0.0,0.0,1450.0,0.0,0.0,0.0,8.138,28.232,19.048,19.0,0.0
0.411,-0.299,0.0,0.01,-0.006,3.287,3.0,0.0,0.0,0.0,0.0,1450.0,0.0,0.0,0.0,8.138,29.693,10.811,19.0,0.0
0.411,-0.299,0.0,0.01,-0.006,3.287,3.0,0.0,0.0,0.0,0.0,1450.0,0.0,0.0,0.0,8.187,29.693,10.811,19.0,0.0
0.411,-0.299,0.0,0.01,-0.006,3.287,3.0,0.0,0.0,0.0,0.0,1450.0,0.0,0.0,0.0,8.113,29.693,17.5,19.0,0.0
0.411,-0.299,0.0,0.01,-0.006,3.287,3.0,0.0,0.0,0.0,0.0,1450.0,0.0,0.0,0.0,8.138,28.719,10.811,19.0,0.0
0.411,-0.299,0.0,0.01,-0.006,3.287,3.0,0.0,0.0,0.0,0.0,1450.0,0.0,0.0,0.0,8.138,28.719,12.821,19.0,0.0
0.411,-0.299,0.0,0.01,-0.006,3.287,3.0,0.0,0.0,0.0,0.0,1450.0,0.0,0.0,0.0,8.113,29.206,13.158,19.0,0.0
0.411,-0.299,0.0,0.01,-0.006,3.287,3.0,0.0,0.0,0.0,0.0,1450.0,0.0,0.0,0.0,8.089,29.206,15.385,19.0,0.0
